100
567 255
1474 1173
1717 416
1325 783
1587 347
1531 1364
1688 1227
1284 1129
834 107
1029 812
1824 312
1820 822
1957 1798
1462 237
1564 67
800 670
776 281
1843 584
1890 230
299 205
2 1
1564 1459
720 640
572 96
516 151
1979 832
600 219
1524 358
1 0
1819 850
1070 32
542 318
1458 1442
146 32
1183 804
1150 874
1659 653
1705 612
686 498
1616 1563
1697 1234
620 603
353 334
1667 135
197 16
1010 538
1289 387
436 48
788 178
1831 1747
358 17
1995 1688
1568 452
1431 1415
1665 1316
1790 1181
1174 220
1934 1023
1919 1550
2000 1999
2000 1
233 85
1425 860
1849 1205
1870 562
647 629
1612 442
1069 13
1365 595
264 12
499 124
1867 78
872 845
669 200
967 709
294 27
369 270
2000 0
1395 1195
1692 832
1565 1376
262 119
1815 993
1347 955
694 467
726 539
1544 1233
1761 1318
1841 1469
1854 1296
1629 1465
1424 542
928 81
1835 1068
1783 595
1421 817
799 324
206 89
776 185
584 199
