100
603704 528189 334 9770
740162 973977 609 9965
141049 322513 761 9958
982129 632544 473 1161
292109 0 95 783
27085 571582 69 9993
237924 861646 866 9991
0 72714 710 1
999888 415348 402 8982
751155 970325 788 9912
389969 17762 968 5828
180526 232976 656 8592
38286 338114 800 4096
120860 370531 255 9975
560226 980574 607 9951
288707 791291 198 9937
807224 750014 559 9901
344044 518994 670 9934
405283 113147 37 3105
594258 444007 359 7839
246772 388234 407 9989
243806 518720 321 1370
390099 65456 573 5134
951063 483645 468 5343
544316 323635 60 9401
785068 799940 872 9923
777971 85449 804 2145
675997 398116 525 9939
847740 787787 167 5069
982192 167940 564 7125
595763 850772 984 970
55084 0 996 1
148486 193695 517 1644
54072 884530 137 9908
511326 580258 798 2083
0 674644 876 2058
965519 522582 909 9945
0 0 1000 10000
917752 94244 668 2810
667608 511069 327 9998
319508 568453 197 9998
266110 67464 354 3619
883771 92786 741 4098
210331 732346 941 9936
402561 438134 242 1204
114017 260278 833 9939
705260 988359 378 9991
389285 614631 572 3677
338226 763452 693 2893
129435 532690 796 5609
308639 714167 601 9908
662094 503468 522 9962
397818 153053 748 4142
652736 950801 759 9931
444119 590659 84 9918
206279 725644 407 4271
819339 420987 437 9370
93545 808660 769 8615
125628 317848 175 1358
277935 346284 79 6732
298499 235104 666 1769
40378 944302 214 9909
235300 238503 121 2492
670899 497906 289 9924
850730 349017 469 9963
440939 849552 710 492
390591 547235 768 9903
313172 274314 480 9946
687753 561500 661 9987
607591 264403 876 9936
143821 286073 96 2179
662918 761778 802 9901
252912 131373 204 9437
86814 437115 69 9939
504348 0 122 1
353494 429756 804 9937
63982 168134 447 9917
0 0 627 7544
509443 680496 770 9674
720852 650700 738 9973
471782 996392 668 9909
304576 403138 437 9909
564784 356868 143 9978
740022 479225 18 8863
25875 9215 411 9913
835812 304820 600 9993
327442 105777 600 8580
353402 770402 632 1259
527344 933829 890 9994
965486 800335 597 6086
880700 484697 881 9960
0 0 100 199
873121 26187 570 1970
189788 36633 486 9941
0 0 10 5
0 0 322 1
166017 331907 492 3936
74041 787103 684 2673
373978 26154 322 2010
13506 651598 335 9974
